999999999999910
999999999999911
999999999999912
999999999999913
999999999999914
999999999999915
999999999999916
999999999999917
999999999999918
999999999999919
999999999999910
999999999999910
999999999999910
999999999999910
999999999999911
999999999999912
999999999999913
999999999999914
999999999999915
999999999999916
999999999999917
999999999999918
999999999999919
999999999999910
999999999999910
999999999999910
999999999999910
999999999999911
999999999999912
999999999999913
999999999999914
999999999999915
999999999999916
999999999999917
999999999999918
999999999999919
999999999999910
999999999999910
999999999999910
999999999999910
999999999999911
999999999999912
999999999999913
999999999999914
999999999999915
999999999999916
999999999999917
999999999999918
999999999999919
999999999999910
999999999999910
999999999999910
999999999999910
999999999999911
999999999999912
999999999999913
999999999999914
999999999999915
999999999999916
999999999999917
999999999999918
999999999999919
999999999999910
999999999999910
999999999999910
